1.0000000000000000,1.0000000000000000
0.8888888888888888,0.5555555555555556,0.5555555555555556
0.6521451548625461,0.6521451548625461,0.3478548451374538,0.3478548451374538
0.5688888888888889,0.4786286704993665,0.4786286704993665,0.2369268850561891,0.2369268850561891
0.3607615730481386,0.3607615730481386,0.4679139345726910,0.4679139345726910,0.1713244923791704,0.1713244923791704
0.4179591836734694,0.3818300505051189,0.3818300505051189,0.2797053914892766,0.2797053914892766,0.1294849661688697,0.1294849661688697
0.3626837833783620,0.3626837833783620,0.3137066458778873,0.3137066458778873,0.2223810344533745,0.2223810344533745,0.1012285362903763,0.1012285362903763
0.3302393550012598,0.1806481606948574,0.1806481606948574,0.0812743883615744,0.0812743883615744,0.3123470770400029,0.3123470770400029,0.2606106964029354,0.2606106964029354
0.2955242247147529,0.2955242247147529,0.2692667193099963,0.2692667193099963,0.2190863625159820,0.2190863625159820,0.1494513491505806,0.1494513491505806,0.0666713443086881,0.0666713443086881
0.2729250867779006,0.2628045445102467,0.2628045445102467,0.2331937645919905,0.2331937645919905,0.1862902109277343,0.1862902109277343,0.1255803694649046,0.1255803694649046,0.0556685671161737,0.0556685671161737
0.2491470458134028,0.2491470458134028,0.2334925365383548,0.2334925365383548,0.2031674267230659,0.2031674267230659,0.1600783285433462,0.1600783285433462,0.1069393259953184,0.1069393259953184,0.0471753363865118,0.0471753363865118
0.2325515532308739,0.2262831802628972,0.2262831802628972,0.2078160475368885,0.2078160475368885,0.1781459807619457,0.1781459807619457,0.1388735102197872,0.1388735102197872,0.0921214998377285,0.0921214998377285,0.0404840047653159,0.0404840047653159
0.2152638534631578,0.2152638534631578,0.2051984637212956,0.2051984637212956,0.1855383974779378,0.1855383974779378,0.1572031671581935,0.1572031671581935,0.1215185706879032,0.1215185706879032,0.0801580871597602,0.0801580871597602,0.0351194603317519,0.0351194603317519
0.2025782419255613,0.1984314853271116,0.1984314853271116,0.1861610000155622,0.1861610000155622,0.1662692058169939,0.1662692058169939,0.1395706779261543,0.1395706779261543,0.1071592204671719,0.1071592204671719,0.0703660474881081,0.0703660474881081,0.0307532419961173,0.0307532419961173