-0.5773502691896257,0.5773502691896257
0.0000000000000000,-0.7745966692414834,0.7745966692414834
-0.3399810435848563,0.3399810435848563,-0.8611363115940526,0.8611363115940526
0.0000000000000000,-0.5384693101056831,0.5384693101056831,-0.9061798459386640,0.9061798459386640
0.6612093864662645,-0.6612093864662645,-0.2386191860831969,0.2386191860831969,-0.9324695142031521,0.9324695142031521
0.0000000000000000,0.4058451513773972,-0.4058451513773972,-0.7415311855993945,0.7415311855993945,-0.9491079123427585,0.9491079123427585
-0.1834346424956498,0.1834346424956498,-0.5255324099163290,0.5255324099163290,-0.7966664774136267,0.7966664774136267,-0.9602898564975363,0.9602898564975363
0.0000000000000000,-0.8360311073266358,0.8360311073266358,-0.9681602395076261,0.9681602395076261,-0.3242534234038089,0.3242534234038089,-0.6133714327005904,0.6133714327005904
-0.1488743389816312,0.1488743389816312,-0.4333953941292472,0.4333953941292472,-0.6794095682990244,0.6794095682990244,-0.8650633666889845,0.8650633666889845,-0.9739065285171717,0.9739065285171717
0.0000000000000000,-0.2695431559523450,0.2695431559523450,-0.5190961292068118,0.5190961292068118,-0.7301520055740494,0.7301520055740494,-0.8870625997680953,0.8870625997680953,-0.9782286581460570,0.9782286581460570
-0.1252334085114689,0.1252334085114689,-0.3678314989981802,0.3678314989981802,-0.5873179542866175,0.5873179542866175,-0.7699026741943047,0.7699026741943047,-0.9041172563704749,0.9041172563704749,-0.9815606342467192,0.9815606342467192
0.0000000000000000,-0.2304583159551348,0.2304583159551348,-0.4484927510364469,0.4484927510364469,-0.6423493394403402,0.6423493394403402,-0.8015780907333099,0.8015780907333099,-0.9175983992229779,0.9175983992229779,-0.9841830547185881,0.9841830547185881
-0.1080549487073437,0.1080549487073437,-0.3191123689278897,0.3191123689278897,-0.5152486363581541,0.5152486363581541,-0.6872929048116855,0.6872929048116855,-0.8272013150697650,0.8272013150697650,-0.9284348836635735,0.9284348836635735,-0.9862838086968123,0.9862838086968123
0.0000000000000000,-0.2011940939974345,0.2011940939974345,-0.3941513470775634,0.3941513470775634,-0.5709721726085388,0.5709721726085388,-0.7244177313601701,0.7244177313601701,-0.8482065834104272,0.8482065834104272,-0.9372733924007060,-0.9372733924007060,-0.9879925180204854,0.9879925180204854